0.35857
0.304607
0.416948
0.389187
0.397372
0.533448
0.446092
0.464705
0.409413
0.528102
0.373724
0.397731
0.43888
0.344221
0.314877
0.418476
0.24624
0.316819
0.396207
0.335813
0.360284
0.36212
0.327056
0.406638
0.359457
0.428726
0.284941
0.375553
0.362634
0.265522
0.350125
0.285131
0.292977
0.308873
0.334331
0.359195
0.355453
0.323059
0.390536
0.271953
0.358436
0.356057
0.354038
0.305202
0.347757
0.374598
0.338603
0.392541
0.375869
0.343593
0.363913
0.351556
0.397741
0.351164
0.362969
0.333049
0.387828
0.336016
0.370982
0.356455
0.362154
0.3731
0.342029
0.337143
0.334719
0.348622
0.374635
0.352625
0.369455
0.352443
0.339243
0.330557
0.335066
0.352898
0.338264
0.300881
0.402224
0.35566
0.32045
0.327604
0.318948
0.290115
0.363971
0.28418
0.363158
0.301057
0.331953
0.318426
0.345148
0.317869
0.305245
0.334604
0.286512
0.383532
0.292116
0.310404
0.338563
0.347963
0.298954
0.332382
0.326496
0.312702
0.352591
0.318382
0.324927
0.334072
0.304011
0.332422
0.310219
0.326696
0.275219
0.384538
0.295189
0.342244
0.295086
0.354226
0.337137
0.334055
0.414706
0.292311
0.394527
0.374378
0.409211
0.324717
0.386026
0.31649
0.334651
0.349078
0.288625
0.339008
0.290088
0.396254
0.305373
0.360216
0.327533
0.336967
0.325848
0.338488
0.361802
0.258683
0.312199
0.288676
0.29815
0.268853
0.38422
0.232246
0.326215
0.189312
0.245424
0.273268
0.231749
0.254189
0.29322
0.222667
0.27638
0.229713
0.293942
0.248173
0.327165
0.320834
0.18844
0.255772
0.260559
0.242253
0.174871
0.14712
0.250674
0.177945
0.238218
0.234445
0.327983
0.284081
0.346565
0.304035
0.323828
0.266799
0.344266
0.216498
0.310605
0.224562
0.29299
0.245401
0.297281
0.250326
0.326579
0.305586
0.281265
0.342318
0.258985
0.289997
0.251928
0.277465
0.248781
0.283475
0.283592
0.278058
0.346808
0.325429
0.326342
0.385395
0.282116
0.41547
0.305746
0.373358
0.398728
0.265145
0.330287
0.307983
0.332477
0.30155
0.337297
0.248963
0.252806
0.248321
0.252286
0.293535
0.208395
0.29269
0.213614
0.336776
0.345549
0.310289
0.419495
0.398796
0.41131
0.41875
0.362323
0.405437
0.350602
0.431563
0.347993
0.379629
0.419852
0.277205
0.369114
0.32501
0.321281
0.266439
0.28023
0.231893
0.258149
0.260444
0.242758
0.259151
0.250309
0.33341
0.221373
0.365849
0.313588
0.346184
0.380206
0.294594
0.283709
0.32856
0.257158
0.351617
0.223364
0.361897
0.227052
0.276636
0.287339
0.310394
0.344775
0.304126
0.366954
0.481753
0.393439
0.516163
0.495143
0.419149
0.45504
0.327833
0.356726
0.321517
0.369588
0.337851
0.366484
0.328482
0.328465
0.345995
0.229448
0.261441
0.290885
0.232447
0.347548
0.277663
0.260967
0.406372
0.24122
0.342131
0.354856
0.347958
0.415766
0.408489
0.424927
0.471002
0.34423
0.338434
0.381596
0.278793
0.22535
0.287565
0.205233
0.32022
0.253354
0.356304
0.299581
0.357281
0.382342
0.370875
0.316161
0.396326
0.383327
0.296835
0.38553
0.35546
0.27644
0.379104
0.285692
0.461445
0.287893
0.454061
0.368046
0.341869
0.431084
0.24058
0.454171
0.261122
0.360562
0.350712
0.313394
0.365056
0.254285
0.425968
0.282733
0.281649
0.313595
0.186901
0.456762
0.250891
0.198403
0.363402
0.243111
0.315458
0.284361
0.246864
0.35653
0.264197
0.226824
0.319537
0.32932
0.240331
0.309017
0.273279
0.274425
0.315646
0.172637
0.378358
0.230271
0.257358
0.342753
0.222346
0.303177
0.174635
0.190327
0.14592
0.140553