0.35857
0.355654
0.359071
0.360796
0.36294
0.373139
0.37758
0.382964
0.384621
0.393708
0.39243
0.392772
0.395769
0.392397
0.387297
0.389358
0.379857
0.375657
0.37703
0.374268
0.373328
0.372574
0.369504
0.372012
0.371163
0.375061
0.368952
0.3694
0.36894
0.361912
0.361111
0.355942
0.351657
0.348744
0.347762
0.348541
0.349012
0.347243
0.350195
0.34486
0.345786
0.346486
0.347001
0.34415
0.344396
0.346457
0.345921
0.349102
0.350928
0.350428
0.351348
0.351362
0.354527
0.354298
0.354889
0.353399
0.355749
0.354402
0.355533
0.355596
0.356044
0.357208
0.356172
0.354873
0.353498
0.353165
0.35463
0.354493
0.355515
0.355305
0.354209
0.352594
0.351398
0.3515
0.350597
0.347204
0.350959
0.35128
0.349176
0.347703
0.345741
0.341944
0.343447
0.339402
0.341023
0.338296
0.337863
0.336536
0.337124
0.33581
0.333723
0.333784
0.330557
0.334173
0.331302
0.329876
0.330469
0.331663
0.32943
0.329632
0.329418
0.328277
0.329936
0.329148
0.32886
0.329215
0.327495
0.327831
0.326629
0.326634
0.323124
0.327316
0.325123
0.326292
0.324162
0.326214
0.32696
0.327444
0.3334
0.330595
0.334959
0.33765
0.342534
0.341318
0.344369
0.342467
0.341933
0.342421
0.338749
0.338767
0.335444
0.339595
0.337259
0.338826
0.338055
0.337981
0.337153
0.337244
0.33892
0.333443
0.331993
0.329037
0.326929
0.322965
0.327146
0.320668
0.321047
0.312055
0.307507
0.30517
0.300159
0.297021
0.296762
0.291705
0.290659
0.286499
0.287007
0.284356
0.287278
0.289568
0.282666
0.28083
0.279447
0.276908
0.269944
0.26156
0.260817
0.255161
0.254004
0.252669
0.25781
0.259603
0.265539
0.268166
0.271965
0.271613
0.276572
0.272471
0.275074
0.271626
0.273085
0.271195
0.272976
0.27143
0.275194
0.277268
0.277541
0.281962
0.280394
0.28105
0.279062
0.278953
0.276893
0.277343
0.277769
0.277789
0.2825
0.28543
0.288222
0.294855
0.293985
0.302277
0.302514
0.30735
0.313587
0.31028
0.311646
0.311396
0.312835
0.312064
0.313787
0.309362
0.305502
0.301599
0.298233
0.297912
0.291802
0.291863
0.286522
0.289952
0.293747
0.294876
0.303382
0.309894
0.316816
0.323774
0.326405
0.331799
0.333083
0.339805
0.340363
0.343044
0.348286
0.343434
0.345187
0.34381
0.342272
0.337096
0.333215
0.326299
0.321648
0.31747
0.312371
0.308738
0.30475
0.306706
0.300882
0.305316
0.305881
0.308632
0.313517
0.312225
0.310279
0.311527
0.307816
0.310805
0.304837
0.308732
0.303157
0.301347
0.300391
0.301073
0.304056
0.304061
0.308354
0.320189
0.325189
0.338224
0.348934
0.353727
0.360642
0.358402
0.358288
0.355778
0.356721
0.355433
0.356187
0.354296
0.352533
0.352087
0.343716
0.3381
0.334878
0.327886
0.329228
0.325709
0.32129
0.327097
0.321236
0.322662
0.324859
0.326436
0.332533
0.337717
0.34367
0.352361
0.351806
0.350893
0.352989
0.347925
0.339558
0.336009
0.327083
0.326615
0.321614
0.323982
0.322317
0.324703
0.328637
0.33152
0.330472
0.334967
0.338268
0.33544
0.338859
0.339992
0.335654
0.33862
0.335007
0.343637
0.339832
0.347629
0.349023
0.348534
0.354169
0.346416
0.353771
0.347447
0.348342
0.348504
0.346107
0.347401
0.341045
0.346841
0.342466
0.338315
0.336627
0.326408
0.335305
0.329544
0.320593
0.323515
0.318027
0.317851
0.315565
0.310876
0.313992
0.310594
0.304876
0.305877
0.307477
0.302894
0.303312
0.301262
0.29943
0.300537
0.291807
0.297715
0.293111
0.290671
0.294226
0.28932
0.290265
0.282373
0.27609
0.267206
0.258561
